1 5 0 80 25 15 20 4 8 0 1
1 19 0 800 60 80 170 4 3 0 1
2 9 1 150 30 30 30 3 10 1 1
2 10 2 150 65 30 30 6 10 1 1
3 22 1 500 60 60 150 4 8 2 1
3 23 1 700 60 60 125 4 20 2 1
4 14 1 360 40 40 65 4 15 3 1
4 15 2 360 50 50 80 4 10 3 1
0 10 2 150 65 30 30 6 10 0 1
0 9 1 150 30 30 30 3 20 0 1
0 9 1 150 30 30 30 3 10 0 0
0 23 1 700 60 60 125 4 50 0 1
0 23 1 700 60 60 125 4 10 0 0
0 23 1 700 60 60 125 4 10 0 0
0 23 1 700 60 60 125 4 10 0 0
0 23 1 700 60 60 125 4 10 0 0
0 22 1 500 60 60 150 4 40 0 1
0 22 1 500 60 60 150 4 10 0 0
0 22 1 500 60 60 150 4 10 0 0
0 22 1 500 60 60 150 4 10 0 0
0 5 0 80 25 15 20 4 20 0 0
0 5 0 80 25 15 20 4 10 0 0
0 4 0 70 30 20 30 3 10 0 0
0 18 0 400 55 20 60 5 20 0 0
0 18 0 400 55 20 60 5 10 0 0
0 15 2 360 50 50 80 4 10 0 1
0 14 1 360 40 40 65 4 10 0 1
-1 -1 -1 -1 -1 -1 -1 -1 -1 -1 -1
-1 -1 -1 -1 -1 -1 -1 -1 -1 -1 -1
-1 -1 -1 -1 -1 -1 -1 -1 -1 -1 -1
-1 -1 -1 -1 -1 -1 -1 -1 -1 -1 -1
-1 -1 -1 -1 -1 -1 -1 -1 -1 -1 -1
-1 -1 -1 -1 -1 -1 -1 -1 -1 -1 -1
-1 -1 -1 -1 -1 -1 -1 -1 -1 -1 -1
-1 -1 -1 -1 -1 -1 -1 -1 -1 -1 -1
-1 -1 -1 -1 -1 -1 -1 -1 -1 -1 -1
-1 -1 -1 -1 -1 -1 -1 -1 -1 -1 -1
-1 -1 -1 -1 -1 -1 -1 -1 -1 -1 -1
-1 -1 -1 -1 -1 -1 -1 -1 -1 -1 -1
-1 -1 -1 -1 -1 -1 -1 -1 -1 -1 -1
-1 -1 -1 -1 -1 -1 -1 -1 -1 -1 -1
-1 -1 -1 -1 -1 -1 -1 -1 -1 -1 -1
-1 -1 -1 -1 -1 -1 -1 -1 -1 -1 -1
-1 -1 -1 -1 -1 -1 -1 -1 -1 -1 -1
-1 -1 -1 -1 -1 -1 -1 -1 -1 -1 -1
-1 -1 -1 -1 -1 -1 -1 -1 -1 -1 -1
-1 -1 -1 -1 -1 -1 -1 -1 -1 -1 -1
-1 -1 -1 -1 -1 -1 -1 -1 -1 -1 -1
-1 -1 -1 -1 -1 -1 -1 -1 -1 -1 -1
-1 -1 -1 -1 -1 -1 -1 -1 -1 -1 -1
-1 -1 -1 -1 -1 -1 -1 -1 -1 -1 -1
-1 -1 -1 -1 -1 -1 -1 -1 -1 -1 -1
-1 -1 -1 -1 -1 -1 -1 -1 -1 -1 -1
-1 -1 -1 -1 -1 -1 -1 -1 -1 -1 -1
-1 -1 -1 -1 -1 -1 -1 -1 -1 -1 -1
-1 -1 -1 -1 -1 -1 -1 -1 -1 -1 -1
-1 -1 -1 -1 -1 -1 -1 -1 -1 -1 -1
-1 -1 -1 -1 -1 -1 -1 -1 -1 -1 -1
-1 -1 -1 -1 -1 -1 -1 -1 -1 -1 -1
-1 -1 -1 -1 -1 -1 -1 -1 -1 -1 -1